59,382755	10,468847			100,63	86,00	13,00	14,00	79.92	-250.14	-82.20	-1.13	-0.92	-0.18	-81.57	17.69	-548.18	89568,00	0,00
59,382763	10,468848			100,63	86,00	13,00	14,00	-47.57	-211.18	-136.82	-0.98	-1.29	0.11	-68.82	20.24	-527.34	89800,00	0,23
59,382771	10,468849			100,63	86,00	13,00	20,00	-97.57	-170.99	-56.37	-1.04	-1.20	0.20	-70.32	13.64	-534.53	90032,00	0,46
59,382779	10,468850			100,61	86,00	13,00	21,00	15.15	-126.41	-41.25	-1.01	-0.96	0.23	-75.42	25.94	-535.13	90264,00	0,70
59,382787	10,468851			100,62	86,00	13,00	19,00	249.91	17288,00	-147.45	-0.88	-1.47	-0.08	-79.17	34.19	-531.68	90496,00	0,93
59,382795	10,468852			100,61	87,00	13,00	18,00	180.15	139.31	-203.15	-1.13	-1.35	0.02	-71.22	31.04	-514.74	90750,00	1,18
59,382803	10,468853			100,61	87,00	13,00	19,00	122.89	233.16	47453,00	-0.92	-1.43	-0.09	-68.67	23.99	-511.59	90982,00	1,41
59,382811	10,468854			100,62	87,00	13,00	16,00	46.95	250.13	35.15	-0.89	-1.17	0.07	-71.22	29.54	-519.24	91214,00	1,65
59,382819	10,468855			100,61	87,00	13,00	14,00	-7.48	250.13	79.51	-0.85	-1.00	0.04	-73.02	42248,00	-539.03	91446,00	1,88
59,382827	10,468856			100,61	87,00	13,00	16,00	29.76	250.13	119.83	-0.84	-1.30	-0.00	-65.82	23743,00	-513.54	91678,00	2,11
59,382835	10,468857			100,60	87,00	13,00	22,00	-91.65	250.13	76.90	-0.88	-1.93	0.00	-66.12	20.54	-518.34	91910,00	2,34
59,382843	10,468858			100,56	87,00	13,00	23,00	-69.36	247.60	97.51	-0.96	-1.34	0.14	-75.27	11110,00	-541.58	92142,00	2,57
59,382851	10,468859			100,57	87,00	13,00	23,00	-62.18	149.95	138.20	-0.96	-1.09	0.15	-76.92	-8.85	-531.83	92374,00	2,81
59,382859	10,468860			100,56	87,00	13,00	21,00	-38.27	89.37	54.95	-0.88	-1.24	0.19	-70.47	-5.40	-527.49	92606,00	3,04
59,382867	10,468861			100,55	87,00	13,20	19,00	-31.54	-2.40	67.73	-0.92	-1.12	0.16	-69.27	0.90	-530.48	92860,00	3,29
59,382875	10,468862			100,54	87,00	13,20	18,00	53.94	-52.53	-104.79	-0.88	-1.06	0.12	-68.67	33025,00	-532.88	93092,00	3,52
59,382883	10,468863			100,53	87,00	13,20	17,00	-3.16	-130.82	-69.24	-1.03	-0.95	0.08	-69.57	16.79	-532.28	93324,00	3,76
59,382891	10,468864			100,51	87,00	13,20	18,00	-1.34	-160.53	-38.55	-0.95	-1.13	0.12	-67.17	14.99	-525.69	93556,00	3,99
59,382899	10,468865			100,50	87,00	13,20	22,00	-33.63	-181.37	19.59	-1.00	-1.05	0.19	-69.42	14.54	-528.23	93788,00	4,22
59,382907	10,468866			100,47	87,00	13,20	24,00	86.24	-223.62	17.33	-0.82	-1.21	0.08	-67.77	20.69	-527.49	94020,00	4,45
59,382915	10,468867			100,45	87,00	13,20	23,00	70.53	-165.05	-89.31	-0.92	-0.98	0.12	-68.67	25.19	-519.09	94252,00	4,68
59,382923	10,468868			100,44	87,00	13,20	23,00	17.62	-152.60	30713,00	-0.95	-1.20	0.07	-69.12	22.64	-495.55	94484,00	4,92
59,382931	10,468869			100,44	87,00	13,20	21,00	39.47	-104.90	-29.74	-1.01	-1.03	0.14	-72.57	11110,00	-484.30	94716,00	5,15
59,382939	10,468870			100,43	87,00	13,30	23,00	-2.47	-105.42	58.02	-0.95	-0.99	0.18	-79.32	-6.75	-486.25	94971,00	5,40
59,382947	10,468871			100,41	87,00	13,30	25,00	92.87	-138.24	-43.59	-0.96	-1.01	0.15	-74.22	-14.54	-505.44	95203,00	5,64
59,382955	10,468872			100,40	87,00	13,30	25,00	-14.76	-79.33	63.40	-0.90	-1.20	0.07	-71.22	-8.85	-521.04	95436,00	5,87
59,382963	10,468873			100,39	87,00	13,30	22,00	-21.56	77.51	52.08	-0.92	-1.18	0.17	-68.37	0.90	-516.69	95672,00	6,10
59,382971	10,468874			100,38	87,00	13,30	19,00	40.43	214.40	90.05	-0.88	-1.07	0.13	-65.37	14824,00	-514.29	95903,00	6,34
59,382979	10,468875			100,36	87,00	13,30	19,00	-12.05	250.13	-67.71	-0.83	-1.21	0.12	-66.27	18445,00	-513.09	96135,00	6,57
59,382987	10,468876			100,35	87,00	13,30	25,00	208.66	204.98	25.69	-1.01	-1.08	0.11	-66.42	18.74	-510.54	96367,00	6,80
59,382995	10,468877			100,34	87,00	13,30	26,00	26634,00	159.27	161.15	-0.98	-1.01	0.06	-70.32	25.94	-520.14	96600,00	7,03
59,383003	10,468878			100,33	87,00	13,30	23,00	36.95	179.40	61.88	-0.92	-0.97	0.02	-74.22	22.34	-537.23	96831,00	7,26
59,383011	10,468879			100,31	86,00	13,30	23,00	-188.05	30.76	205.33	-1.29	-1.45	0.13	-68.07	25.19	-521.49	97085,00	7,52
59,383019	10,468880			100,31	86,00	13,30	20,00	-75.66	-250.14	83.11	-1.00	-1.01	0.22	-69.42	22.94	-492.85	97317,00	7,75
59,383027	10,468881			100,28	86,00	13,30	25,00	84.82	-250.14	-156.00	-0.75	-1.10	-0.04	-73.77	-11.10	-505.29	97549,00	7,98
59,383035	10,468882			100,27	86,00	13,30	27,00	-29.30	-250.14	15.98	-0.88	-0.60	0.13	-70.92	16589,00	-538.13	97781,00	8,21
59,383043	10,468883			100,25	86,00	13,30	19,00	-103.60	-250.14	-193.69	-0.63	-1.86	-0.15	-67.62	-2.85	-516.84	98014,00	8,45
59,383051	10,468884			100,23	86,00	13,30	23,00	-175.48	-250.14	160.96	-0.52	-1.88	0.01	-76.17	-5.10	-541.28	98245,00	8,68
59,383059	10,468885			100,22	86,00	13,30	22,00	64.56	-250.14	-37.21	-0.72	-0.86	0.01	-79.92	28.94	-537.53	98478,00	8,91
59,383067	10,468886			100,21	86,00	13,30	19,00	-147.34	-139.82	-150.06	-1.00	-0.89	0.11	-78.57	37.48	-493.60	98709,00	9,14
59,383075	10,468887			100,20	86,00	13,30	22,00	-110.41	-56.24	-18.12	-0.97	-1.13	0.25	-69.87	16.79	-491.50	98942,00	9,37
59,383083	10,468888			100,19	86,00	13,30	26,00	-96.26	63.86	-17.31	-0.96	-1.15	0.20	-65.52	45962,00	-503.94	99195,00	9,63
59,383091	10,468889			100,17	86,00	13,30	26,00	-134.76	197.47	21551,00	-0.92	-0.85	0.30	-65.82	45689,00	-509.64	99428,00	9,86
59,383099	10,468890			100,16	86,00	13,30	27,00	49.89	250.13	150.17	-0.89	-1.11	-0.03	-64.62	45778,00	-513.84	99660,00	10,09
59,383107	10,468891			100,15	86,00	13,30	21,00	-154.93	250.13	-88.32	-0.78	-1.15	0.11	-66.27	3.00	-511.89	99892,00	10,32
59,383115	10,468892			100,13	86,00	13,30	22,00	32.26	250.13	41.27	-0.94	-1.08	0.03	-67.32	34790,00	-503.64	100124,00	10,56
59,383123	10,468893			100,12	86,00	13,30	24,00	75.33	250.13	234.40	-0.90	-0.85	0.02	-73.47	24.89	-490.90	100356,00	10,79
59,383131	10,468894			100,11	86,00	13,30	22,00	160.55	207.05	90.32	-0.76	-1.04	0.10	-69.87	28.49	-516.09	100588,00	11,02
59,383139	10,468895			100,09	86,00	13,30	21,00	147.10	114.23	-123.97	-0.89	-1.13	0.00	-73.62	25.64	-533.63	100820,00	11,25
59,383147	10,468896			100,08	86,00	13,30	22,00	43942,00	38.35	-65.11	-0.96	-1.18	0.02	-69.27	22.49	-528.09	101052,00	11,48
59,383155	10,468897			100,07	87,00	13,60	22,00	49.74	-11.74	-23.79	-0.91	-1.15	0.07	-65.37	32843,00	-519.09	101306,00	11,74
59,383163	10,468898			100,05	87,00	13,60	23,00	-10.82	-34.75	-55.66	-0.92	-0.98	0.14	-66.72	42156,00	-513.54	101538,00	11,97
59,383171	10,468899			100,03	87,00	13,60	25,00	44562,00	-45.47	20.47	-0.93	-0.95	0.13	-66.42	16589,00	-519.54	101770,00	12,20
59,383179	10,468900			100,02	87,00	13,60	25,00	23.85	-74.15	72.93	-0.88	-1.17	0.06	-69.27	13.49	-529.58	102002,00	12,43
59,383187	10,468901			100,01	87,00	13,60	23,00	-17.47	-76.66	-24.26	-0.82	-1.38	-0.02	-69.57	21.59	-526.89	102234,00	12,67
59,383195	10,468902			100,00	87,00	13,60	23,00	-23.13	-190.47	37.21	-1.10	-1.09	0.20	-75.42	36.44	-511.14	102466,00	12,90
59,383203	10,468903			99,98	87,00	13,60	21,00	83.24	-250.14	43.86	-0.70	-1.10	0.05	-70.17	44115,00	-490.60	102698,00	13,13
59,383211	10,468904			99,96	87,00	13,60	24,00	-91.56	-250.14	-101.83	-0.91	-1.29	-0.07	-68.67	-3.30	-509.79	102930,00	13,36
59,383219	10,468905			99,95	87,00	13,60	23,00	56.58	-250.14	43.15	-0.81	-1.10	0.12	-68.37	0.30	-524.19	103162,00	13,59
59,383227	10,468906			99,93	87,00	13,00	22,00	59.11	-228.32	-84.02	-0.83	-1.12	0.07	-65.37	44105,00	-520.29	103417,00	13,85
59,383235	10,468907			99,93	87,00	13,00	26,00	16.58	-125.92	36.76	-0.94	-1.00	0.12	-66.42	27638,00	-521.94	103649,00	14,08
59,383243	10,468908			99,91	87,00	13,00	26,00	43.25	-31.82	55.11	-0.91	-1.01	0.12	-65.07	16.79	-519.39	103881,00	14,31
59,383251	10,468909			99,90	87,00	13,00	27,00	-7.45	38.69	13.45	-0.87	-1.04	0.09	-65.52	19.64	-518.94	104113,00	14,55
59,383259	10,468910			99,89	87,00	13,00	24,00	60.63	91.33	-15.71	-0.87	-1.08	0.05	-69.27	25.49	-523.89	104345,00	14,78
59,383267	10,468911			99,87	87,00	13,00	23,00	-11.37	130.12	40.90	-0.88	-1.08	0.08	-71.67	44097,00	-532.28	104577,00	15,01
59,383275	10,468912			99,85	87,00	13,00	22,00	-16.31	131.68	44183,00	-0.89	-1.05	0.10	-69.87	13.49	-535.58	104809,00	15,24
59,383283	10,468913			99,84	87,00	13,00	22,00	43960,00	122.87	29.28	-0.90	-1.07	0.15	-69.12	31168,00	-530.93	105041,00	15,47
59,383291	10,468914			99,83	87,00	13,00	21,00	66.55	127.97	-20.31	-0.89	-1.04	0.14	-68.52	12875,00	-520.14	105273,00	15,71
59,383299	10,468915			99,81	86,00	13,00	20,00	-6.67	93.40	31.80	-0.95	-0.99	0.16	-65.22	42156,00	-516.84	105528,00	15,96
59,383307	10,468916			99,80	86,00	13,00	20,00	-88.24	25324,00	-12.82	-0.97	-1.02	0.18	-65.67	14642,00	-516.69	105760,00	16,19
59,383315	10,468917			99,78	86,00	13,00	21,00	23255,00	-108.64	-45.22	-0.94	-1.07	0.15	-68.82	-2.55	-522.54	105992,00	16,42
59,383323	10,468918			99,76	86,00	13,00	22,00	38.70	-194.18	-56.12	-0.91	-1.00	0.15	-69.12	0.75	-530.63	106224,00	16,66
59,383331	10,468919			99,75	86,00	13,00	23,00	30.58	-160.23	13912,00	-0.88	-1.02	0.14	-70.17	14824,00	-533.18	106456,00	16,89
59,383339	10,468920			99,74	86,00	13,00	23,00	25477,00	-81.07	14246,00	-0.89	-0.95	0.14	-67.47	16.49	-528.68	106688,00	17,12
59,383347	10,468921			99,73	86,00	13,00	24,00	-1.79	-0.96	19.74	-0.90	-1.02	0.13	-67.17	16.49	-525.99	106920,00	17,35
59,383355	10,468922			99,71	86,00	13,00	24,00	23255,00	104.90	46722,00	-0.88	-1.06	0.11	-68.22	13.34	-526.74	107152,00	17,58
59,383363	10,468923			99,70	86,00	13,00	24,00	-14.52	161.39	17777,00	-0.90	-1.06	0.12	-67.32	34881,00	-529.43	107384,00	17,82
59,383371	10,468924			99,68	86,00	13,00	22,00	-28.58	143.69	-1.76	-0.91	-1.03	0.15	-68.07	43831,00	-526.29	107638,00	18,07
59,383379	10,468925			99,66	86,00	13,00	22,00	-10.43	84.14	43862,00	-0.95	-1.03	0.17	-68.07	-1.80	-520.59	107870,00	18,30
59,383387	10,468926			99,65	86,00	13,00	22,00	28.99	-15.57	22098,00	-0.98	-1.09	0.17	-68.37	-1.50	-519.99	108102,00	18,53
59,383395	10,468927			99,64	86,00	13,00	22,00	45.42	-94.55	-22.82	-0.92	-1.08	0.17	-68.82	-1.35	-523.74	108334,00	18,77
59,383403	10,468928			99,63	86,00	13,00	22,00	52.32	-115.54	-43.60	-0.91	-1.12	0.13	-69.12	31079,00	-528.53	108566,00	19,00
59,383411	10,468929			99,61	86,00	13,00	23,00	34.34	-83.31	34243,00	-0.93	-1.01	0.14	-68.22	23833,00	-530.63	108798,00	19,23
59,383419	10,468930			99,60	86,00	13,00	23,00	-5.28	-26.20	-17.95	-0.88	-1.02	0.14	-67.02	42156,00	-528.23	109030,00	19,46
59,383427	10,468931			99,59	86,00	13,00	23,00	-8.34	37.31	-12.29	-0.88	-0.98	0.15	-67.77	6.00	-527.79	109262,00	19,69
59,383435	10,468932			99,57	86,00	13,00	23,00	-15.57	96.43	30.99	-0.89	-1.04	0.16	-67.17	44112,00	-526.29	109494,00	19,93
59,383443	10,468933			99,56	86,00	13,00	21,00	-10.34	126.15	-9.95	-0.94	-1.01	0.18	-68.07	29312,00	-523.29	109748,00	20,18
59,383451	10,468934			99,54	86,00	13,00	21,00	-18.46	90.81	26.50	-0.95	-1.05	0.16	-67.02	34700,00	-523.14	109980,00	20,41
59,383459	10,468935			99,53	86,00	13,00	22,00	13.16	-5.11	-10.14	-0.97	-1.04	0.18	-69.12	-1.65	-519.84	110212,00	20,64
59,383467	10,468936			99,52	86,00	13,00	22,00	39.42	-137.85	-42.53	-0.92	-1.06	0.13	-69.72	-1.95	-527.34	110444,00	20,88
59,383475	10,468937			99,50	86,00	13,00	22,00	32752,00	-154.00	-33.98	-0.90	-1.11	0.13	-69.87	25600,00	-532.88	110680,00	21,11
59,383483	10,468938			99,49	86,00	13,00	23,00	-13.04	-113.65	-17.79	-0.89	-0.96	0.15	-69.12	27638,00	-532.43	110912,00	21,34
59,383491	10,468939			99,48	86,00	13,00	23,00	-5.88	-33.39	-19.85	-0.87	-1.04	0.15	-68.37	33117,00	-528.68	111144,00	21,58
59,383499	10,468940			99,47	86,00	13,00	24,00	32.20	61.76	-13.47	-0.90	-0.93	0.16	-67.92	42339,00	-527.64	111376,00	21,81
59,383507	10,468941			99,45	86,00	13,00	23,00	-4.90	107.39	40.00	-0.92	-1.02	0.15	-66.87	9.00	-528.09	111608,00	22,04
59,383515	10,468942			99,44	86,00	13,00	22,00	-11.63	115.68	50.35	-0.89	-1.08	0.17	-67.77	44109,00	-529.58	111862,00	22,29
59,383523	10,468943			99,42	86,00	13,00	22,00	-43.68	67.39	43833,00	-0.93	-0.96	0.22	-68.67	14642,00	-524.79	112094,00	22,53
59,383531	10,468944			99,41	86,00	13,00	22,00	27.66	-28.72	44137,00	-0.98	-0.98	0.21	-69.57	18264,00	-525.69	112326,00	22,76
59,383539	10,468945			99,39	86,00	13,00	22,00	90.50	-112.26	-7.88	-0.91	-1.06	0.16	-69.12	12785,00	-527.34	112558,00	22,99
59,383547	10,468946			99,38	86,00	13,00	22,00	-13.92	-113.65	-35.69	-0.89	-1.06	0.18	-66.87	14732,00	-528.68	112790,00	23,22
59,383555	10,468947			99,37	86,00	13,00	23,00	43984,00	-58.34	-54.95	-0.87	-0.99	0.21	-67.17	25781,00	-527.49	113022,00	23,45
59,383563	10,468948			99,35	86,00	13,00	24,00	-17.33	-3.30	32.61	-0.89	-1.03	0.18	-67.47	44105,00	-526.29	113294,00	23,73
59,383571	10,468949			99,34	86,00	13,00	23,00	-10.85	61.16	-7.16	-0.89	-1.08	0.16	-67.62	31352,00	-529.13	113526,00	23,96
59,383579	10,468950			99,33	86,00	13,00	22,00	-18.09	83.36	48.72	-0.89	-0.97	0.20	-68.97	22160,00	-530.18	113758,00	24,19
59,383587	10,468951			99,31	87,00	13,00	22,00	43906,00	86.99	27.66	-0.89	-1.15	0.20	-68.82	20210,00	-529.13	114012,00	24,44
59,383595	10,468952			99,30	87,00	13,00	22,00	-7.45	71.02	43191,00	-0.91	-1.00	0.20	-67.62	34700,00	-523.74	114244,00	24,68
59,383603	10,468953			99,28	87,00	13,00	22,00	-7.01	46447,00	0.21	-0.95	-0.73	0.20	-68.67	43831,00	-523.29	114476,00	24,91
59,383611	10,468954			99,26	87,00	13,00	22,00	29.48	-55.33	-6.63	-0.94	-0.69	0.23	-68.37	18264,00	-519.69	114708,00	25,14
59,383619	10,468955			99,25	87,00	13,00	22,00	14.20	-61.89	29342,00	-0.91	-0.70	0.23	-68.52	23743,00	-524.34	114940,00	25,37
59,383627	10,468956			99,25	87,00	13,00	23,00	-27.63	-31.98	-39.11	-0.90	-0.83	0.20	-69.42	0.15	-524.94	115172,00	25,60
59,383635	10,468957			99,25	87,00	13,00	23,00	-101.40	-21.79	-27.86	-0.89	-0.88	0.18	-67.32	43955,00	-525.84	115404,00	25,84
59,383643	10,468958			99,24	87,00	13,00	23,00	-22.76	14.50	82.47	-0.89	-0.58	0.25	-69.72	34790,00	-527.94	115636,00	26,07
59,383651	10,468959			99,24	87,00	13,00	23,00	14.69	33.86	-9.40	-0.94	-0.76	0.11	-70.32	23924,00	-533.63	115868,00	26,30
59,383659	10,468960			99,23	87,00	13,00	22,00	-26.05	45.71	38.92	-0.88	-1.09	0.17	-68.67	29221,00	-525.39	116123,00	26,56
59,383667	10,468961			99,23	87,00	13,00	22,00	57.16	50.29	23.80	-0.94	-1.06	0.17	-67.17	11018,00	-525.69	116355,00	26,79
59,383675	10,468962			99,24	87,00	13,00	22,00	-71.57	44135,00	36251,00	-0.95	-1.00	0.19	-67.17	29221,00	-524.79	116587,00	27,02
59,383683	10,468963			99,23	87,00	13,00	22,00	51.63	18507,00	-8.15	-0.99	-0.98	0.21	-67.62	16497,00	-523.74	116819,00	27,25
59,383691	10,468964			99,23	87,00	13,00	23,00	-63.77	-29.74	56.02	-0.93	-0.99	0.20	-68.07	18264,00	-524.49	117051,00	27,48
59,383699	10,468965			99,24	87,00	13,00	22,00	60.82	-16.02	-21.83	-0.90	-1.09	0.19	-68.22	23743,00	-527.94	117283,00	27,72
59,383707	10,468966			99,24	87,00	13,00	22,00	-39.86	-17.82	-2.66	-0.95	-1.05	0.21	-67.77	22068,00	-525.39	117515,00	27,95
59,383715	10,468967			99,24	87,00	13,00	22,00	35.30	-14.02	46722,00	-0.96	-1.04	0.21	-67.02	16589,00	-525.54	117747,00	28,18
59,383723	10,468968			99,24	87,00	13,00	22,00	-48.67	25020,00	47058,00	-0.83	-1.07	0.16	-69.12	34700,00	-527.04	117979,00	28,41
59,383731	10,468969			99,24	86,00	13,00	22,00	62.84	31.69	-91.57	-0.87	-1.15	0.15	-68.67	0.30	-525.09	118233,00	28,67
59,383739	10,468970			99,23	86,00	13,00	23,00	-9.91	43948,00	-32.81	-1.00	-0.95	0.17	-66.87	21976,00	-525.39	118465,00	28,90
59,383747	10,468971			99,24	86,00	13,00	23,00	-51.82	42248,00	121.89	-0.90	-1.05	0.23	-67.92	-0.75	-521.34	118696,00	29,13
59,383755	10,468972			99,24	86,00	13,00	22,00	-18.72	14.43	42186,00	-0.79	-1.15	0.19	-68.22	-0.75	-521.94	118929,00	29,36
59,383763	10,468973			99,23	86,00	13,00	22,00	68.84	46661,00	-104.81	-0.96	-1.04	0.17	-67.92	12875,00	-527.94	119161,00	29,59
59,383771	10,468974			99,24	86,00	13,00	22,00	64.84	-10.99	-8.87	-0.96	-1.08	0.19	-67.47	43922,00	-525.69	119393,00	29,83
59,383779	10,468975			99,24	86,00	13,00	21,00	65.34	14.69	-67.73	-0.95	-1.13	0.14	-65.82	42064,00	-525.54	119624,00	30,06
59,383787	10,468976			99,25	86,00	13,00	22,00	62.55	26.87	-180.40	-1.10	-0.85	0.17	-68.22	45870,00	-525.54	119856,00	30,29
59,383795	10,468977			99,24	86,00	13,00	23,00	-60.82	16497,00	250.13	-0.91	-0.85	0.30	-66.57	11110,00	-523.29	120088,00	30,52
59,383803	10,468978			99,24	86,00	13,00	22,00	-48.08	43969,00	250.13	-1.10	-0.89	0.16	-67.77	14824,00	-525.69	120423,00	30,86
59,383811	10,468979			99,24	86,00	13,00	19,00	-129.89	-21.88	135.21	-0.63	-0.94	0.30	-72.87	-11.10	-512.79	120655,00	31,09
59,383819	10,468980			99,25	86,00	13,00	20,00	199.01	26.17	-250.14	-1.17	-1.08	0.16	-66.87	6.00	-521.19	120887,00	31,32
59,383827	10,468981			99,24	86,00	13,00	23,00	-46.24	-71.22	168.96	-1.20	-0.74	0.15	-68.67	47453,00	-530.18	121119,00	31,55
59,383835	10,468982			99,24	86,00	13,00	21,00	-5.18	-52.20	109.21	-0.62	-1.09	0.26	-70.47	-7.80	-521.19	121351,00	31,78
59,383843	10,468983			99,24	86,00	13,00	18,00	44153,00	34.38	-250.14	-1.02	-1.09	0.14	-68.67	9.00	-531.68	121583,00	32,02
59,383851	10,468984			99,25	86,00	13,00	22,00	-90.08	-1.31	250.13	-1.16	-0.87	0.19	-67.47	21885,00	-528.98	121815,00	32,25
59,383859	10,468985			99,24	86,00	13,00	19,00	64.38	49.33	-76.64	-0.39	-1.61	0.17	-73.62	-12.44	-521.64	122047,00	32,48
59,383867	10,468986			99,24	86,00	13,00	21,00	72.61	23.66	-76.18	-0.99	-0.07	0.28	-68.52	14.54	-532.13	122279,00	32,71
59,383875	10,468987			99,25	86,00	13,00	21,00	-89.37	15.71	-205.95	-0.99	-0.17	0.39	-71.07	-6.00	-518.19	122534,00	32,97
59,383883	10,468988			99,25	86,00	13,00	25,00	-165.59	-105.27	205.85	-1.02	-0.60	-0.18	-109.16	-9.60	-552.67	122766,00	33,20
59,383891	10,468989			99,26	86,00	13,00	21,00	102.29	-79.94	-229.71	-0.87	-0.46	0.22	-89.81	-1.95	-554.32	122998,00	33,43
59,383899	10,468990			99,27	86,00	13,00	20,00	249.95	-19.91	-80.78	-1.26	-1.01	0.07	-79.62	24016,00	-548.63	123230,00	33,66
59,383907	10,468991			99,29	86,00	13,00	20,00	153.97	-3.37	-182.02	-1.20	-1.96	0.25	-68.22	42339,00	-536.03	123462,00	33,89
59,383915	10,468992			99,31	86,00	13,00	19,00	131.74	28095,00	46478,00	-1.00	-1.18	0.06	-70.47	16.49	-535.28	123694,00	34,13
59,383923	10,468993			99,32	86,00	13,00	18,00	15.16	-31.98	43851,00	-0.93	-1.13	0.09	-68.97	13.79	-531.98	123926,00	34,36
59,383931	10,468994			99,33	86,00	13,00	19,00	-42.90	-50.92	-68.00	-0.92	-1.15	0.12	-68.37	9.00	-528.98	124158,00	34,59
59,383939	10,468995			99,34	86,00	13,00	22,00	-11.07	-55.40	-50.72	-0.93	-1.09	0.14	-68.22	16497,00	-529.13	124390,00	34,82
59,383947	10,468996			99,35	86,00	13,00	24,00	29221,00	-48.92	-23.18	-0.93	-1.03	0.14	-68.82	27454,00	-531.23	124644,00	35,08
59,383955	10,468997			99,36	86,00	13,00	24,00	46.41	-29.39	43.77	-0.94	-1.10	0.13	-66.72	34973,00	-525.24	124876,00	35,31
59,383963	10,468998			99,36	86,00	13,00	23,00	20.64	-14.70	16193,00	-0.95	-1.01	0.15	-65.52	15.14	-519.84	125108,00	35,54
59,383971	10,468999			99,38	86,00	13,00	21,00	-41.07	19419,00	11597,00	-0.95	-1.06	0.16	-65.67	20.69	-522.09	125340,00	35,77
59,383979	10,469000			99,38	86,00	13,00	21,00	-89.71	33543,00	-25.60	-0.94	-1.09	0.13	-71.82	19.94	-534.53	125572,00	36,00
59,383987	10,469001			99,39	86,00	13,00	22,00	-53.15	46.05	-4.46	-0.94	-0.96	0.12	-77.37	19.19	-543.98	125808,00	36,24
59,383995	10,469002			99,39	86,00	13,00	22,00	73.21	48.12	87.97	-0.97	-1.05	0.11	-75.57	14.99	-544.58	126041,00	36,47
59,384003	10,469003			99,40	86,00	13,00	22,00	90.35	45.44	16.96	-0.96	-1.19	0.09	-67.47	25873,00	-532.88	126273,00	36,71
59,384011	10,469004			99,42	86,00	13,00	21,00	103.24	24047,00	-1.22	-0.95	-1.07	0.13	-64.02	42339,00	-515.64	126505,00	36,94
59,384019	10,469005			99,42	86,00	13,00	19,00	-35.91	-11.76	16.78	-0.95	-1.01	0.16	-65.52	16407,00	-509.64	126759,00	37,19
59,384027	10,469006			99,43	86,00	13,00	18,00	-60.64	-8.56	16.50	-0.93	-1.23	0.13	-63.42	31352,00	-517.44	126991,00	37,42
59,384035	10,469007			99,44	86,00	13,00	20,00	-77.48	15008,00	-25.34	-0.93	-1.19	0.12	-66.42	31352,00	-529.13	127223,00	37,66
59,384043	10,469008			99,45	86,00	13,00	22,00	-32.27	-18.15	41.44	-0.95	-1.12	0.12	-68.97	11202,00	-533.18	127455,00	37,89
59,384051	10,469009			99,46	86,00	13,00	22,00	44068,00	-36.40	-18.69	-0.94	-1.17	0.11	-67.92	27638,00	-534.53	127687,00	38,12
59,384059	10,469010			99,47	86,00	13,00	22,00	44048,00	-38.12	-37.48	-0.94	-1.05	0.13	-68.07	44105,00	-528.09	127919,00	38,35
59,384067	10,469011			99,48	86,00	13,00	22,00	-4.40	-30.79	-22.18	-0.95	-0.93	0.16	-64.62	43961,00	-523.74	128151,00	38,58
59,384075	10,469012			99,47	86,00	13,00	23,00	-27.21	-25.94	-3.47	-0.94	-1.02	0.15	-65.67	29403,00	-528.09	128383,00	38,82
59,384083	10,469013			99,48	86,00	13,00	24,00	-62.90	-5.71	-5.63	-0.95	-1.03	0.13	-70.62	16681,00	-534.23	128615,00	39,05
59,384091	10,469014			99,49	86,00	13,00	24,00	43955,00	11720,00	-5.89	-0.95	-1.06	0.12	-72.27	9.00	-540.98	128869,00	39,30
59,384099	10,469015			99,50	86,00	13,00	23,00	44.58	-11.85	-13.63	-0.95	-1.09	0.12	-70.77	14.99	-534.08	129101,00	39,53
59,384107	10,469016			99,51	86,00	13,00	22,00	61.16	-59.11	-14.81	-0.95	-1.04	0.15	-66.42	43940,00	-522.24	129333,00	39,77
59,384115	10,469017			99,52	86,00	13,00	21,00	-12.87	-47.56	-2.84	-0.95	-0.97	0.16	-66.12	19.34	-515.04	129565,00	40,00
59,384123	10,469018			99,52	86,00	13,00	22,00	-33.13	-22.31	57.82	-0.93	-1.12	0.14	-65.82	19.64	-519.24	129797,00	40,23
59,384131	10,469019			99,52	86,00	13,00	22,00	-5.45	28.50	38.02	-0.94	-1.12	0.13	-69.12	24.74	-526.14	130029,00	40,46
59,384139	10,469020			99,53	86,00	13,00	22,00	-20.03	46.31	63.04	-0.95	-1.08	0.13	-70.47	23.99	-530.78	130261,00	40,69
59,384147	10,469021			99,54	86,00	13,00	21,00	23.60	25.91	41.97	-0.96	-1.04	0.13	-67.92	22.34	-527.94	130493,00	40,93
59,384155	10,469022			99,55	86,00	13,00	22,00	-9.54	-17.31	26.58	-0.95	-1.03	0.14	-66.87	17.39	-524.19	130725,00	41,16
59,384163	10,469023			99,55	87,00	13,00	23,00	-40.14	-37.18	-29.21	-0.93	-1.06	0.14	-64.77	32843,00	-520.89	130979,00	41,41
59,384171	10,469024			99,56	87,00	13,00	24,00	-9.30	-10.81	31.71	-0.93	-1.07	0.13	-65.67	15.29	-524.79	131211,00	41,64
59,384179	10,469025			99,57	87,00	13,00	23,00	-7.89	44135,00	22.81	-0.94	-1.06	0.14	-66.42	19.34	-525.24	131443,00	41,88
59,384187	10,469026			99,57	87,00	13,00	23,00	-44.06	48.21	-69.53	-0.96	-0.98	0.13	-68.52	21.74	-525.84	131675,00	42,11
59,384195	10,469027			99,58	87,00	13,00	22,00	-9.22	43862,00	-12.66	-0.97	-0.97	0.14	-69.42	22.94	-527.04	131907,00	42,34
59,384203	10,469028			99,58	87,00	13,00	22,00	-2.82	-27.24	-64.12	-0.96	-1.04	0.13	-66.12	16.64	-526.74	132139,00	42,57
59,384211	10,469029			99,59	87,00	13,00	24,00	-32.37	-51.42	-14.72	-0.93	-1.09	0.13	-65.82	15.74	-527.34	132371,00	42,80
59,384219	10,469030			99,60	87,00	13,00	23,00	15.42	-9.51	31.98	-0.94	-1.14	0.13	-66.42	21.14	-523.74	132603,00	43,04
59,384227	10,469031			99,61	87,00	13,00	22,00	34973,00	36.20	-13.63	-0.96	-0.97	0.15	-65.52	24.44	-517.74	132835,00	43,27
59,384235	10,469032			99,61	86,00	13,00	21,00	-11.59	36.72	-34.34	-0.97	-1.05	0.13	-68.07	22.19	-521.19	133089,00	43,52
59,384243	10,469033			99,62	86,00	13,00	22,00	0.92	13.91	-64.67	-0.96	-1.11	0.12	-67.32	43940,00	-524.64	133321,00	43,75
59,384251	10,469034			99,62	86,00	13,00	23,00	-5.74	-27.40	-17.51	-0.94	-1.04	0.13	-66.12	15.74	-525.24	133553,00	43,99
59,384259	10,469035			99,63	86,00	13,00	24,00	14.53	-22.14	32.79	-0.93	-1.05	0.14	-66.87	17.99	-524.19	133785,00	44,22
59,384267	10,469036			99,64	86,00	13,00	23,00	-23.37	24.70	43958,00	-0.95	-0.98	0.14	-66.87	21.59	-522.09	134017,00	44,45
59,384275	10,469037			99,63	86,00	13,00	22,00	34973,00	36.98	-20.40	-0.97	-0.99	0.13	-66.57	22.49	-525.09	134249,00	44,68
59,384283	10,469038			99,65	86,00	13,00	22,00	-13.86	15.89	-47.02	-0.96	-1.08	0.13	-67.32	17.84	-524.34	134481,00	44,91
59,384291	10,469039			99,65	86,00	13,00	23,00	-25.82	-10.29	36251,00	-0.92	-1.05	0.13	-66.57	25873,00	-526.59	134713,00	45,15
59,384299	10,469040			99,66	86,00	13,00	24,00	44153,00	-0.09	0.95	-0.94	-1.03	0.14	-67.17	44088,00	-524.79	134945,00	45,38
59,384307	10,469041			99,66	87,00	13,00	23,00	-10.63	43.97	32.79	-0.94	-1.03	0.14	-67.62	18.44	-523.74	135199,00	45,63
59,384315	10,469042			99,67	87,00	13,00	22,00	-5.56	48.47	-10.49	-0.96	-0.99	0.14	-68.22	43940,00	-527.64	135431,00	45,86
59,384323	10,469043			99,68	87,00	13,00	21,00	-61.69	44098,00	-10.14	-0.97	-1.03	0.13	-67.92	15.14	-528.23	135663,00	46,10
59,384331	10,469044			99,69	87,00	13,00	22,00	28.66	-23.44	-4.27	-0.95	-1.07	0.12	-66.72	42339,00	-526.44	135895,00	46,33
59,384339	10,469045			99,69	87,00	13,00	23,00	-10.63	-49.88	-5.36	-0.94	-1.05	0.13	-66.42	31352,00	-524.94	136127,00	46,56
59,384347	10,469046			99,70	87,00	13,00	23,00	25538,00	-18.60	35.86	-0.94	-1.06	0.14	-65.22	14.54	-521.34	136359,00	46,79
59,384355	10,469047			99,71	87,00	13,00	22,00	44044,00	26.87	-9.59	-0.94	-1.08	0.14	-67.77	18.59	-523.59	136591,00	47,02
59,384363	10,469048			99,72	87,00	13,00	22,00	-50.52	46.21	100.29	-0.95	-1.06	0.13	-70.02	18.44	-529.43	136823,00	47,26
59,384371	10,469049			99,72	87,00	13,00	22,00	29.89	14.60	17533,00	-0.95	-1.06	0.12	-69.87	14.39	-532.88	137055,00	47,49
59,384379	10,469050			99,73	87,00	13,00	22,00	25.69	-10.47	13.89	-0.95	-1.07	0.13	-68.22	15.44	-531.53	137309,00	47,74
59,384387	10,469051			99,73	87,00	13,00	22,00	19906,00	-22.21	41518,00	-0.95	-1.01	0.14	-67.77	15.59	-528.09	137541,00	47,97
59,384395	10,469052			99,74	87,00	13,00	22,00	0.02	-14.27	26.23	-0.95	-1.03	0.14	-67.92	15.44	-523.74	137773,00	48,21
59,384403	10,469053			99,75	87,00	13,00	22,00	42217,00	-5.37	23102,00	-0.94	-1.02	0.13	-65.97	44088,00	-525.39	138005,00	48,44
59,384411	10,469054			99,75	87,00	13,00	23,00	-21.21	18.31	-3.02	-0.94	-1.05	0.14	-66.87	14916,00	-526.29	138237,00	48,67
59,384419	10,469055			99,76	87,00	13,00	23,00	28095,00	23.85	117.02	-0.95	-1.01	0.14	-65.67	13.49	-526.29	138469,00	48,90
59,384427	10,469056			99,77	87,00	13,00	23,00	-52.63	-6.93	132.24	-0.94	-1.01	0.14	-66.87	44088,00	-527.49	138701,00	49,13
59,384435	10,469057			99,77	87,00	13,00	22,00	-4.78	21217,00	29.83	-0.95	-0.97	0.14	-69.12	43937,00	-527.34	138933,00	49,37
59,384443	10,469058			99,77	87,00	13,00	22,00	-23.47	0.34	15523,00	-0.94	-0.97	0.14	-69.57	16.19	-530.48	139165,00	49,60
59,384451	10,469059			99,79	87,00	13,00	22,00	-11.16	34001,00	-1.50	-0.95	-0.94	0.14	-68.97	17.69	-531.38	139419,00	49,85
59,384459	10,469060			99,79	87,00	13,00	22,00	29.54	-9.44	14.79	-0.95	-0.94	0.14	-67.77	18.59	-528.38	139651,00	50,08
59,384467	10,469061			99,80	87,00	13,00	22,00	40.02	-36.21	31.54	-0.94	-1.06	0.13	-67.17	24.29	-524.79	139883,00	50,32
59,384475	10,469062			99,81	87,00	13,00	21,00	43.07	-17.37	-32.53	-0.95	-1.03	0.14	-67.32	21.14	-519.84	140115,00	50,55
59,384483	10,469063			99,81	87,00	13,00	21,00	-33.34	14.34	-11.11	-0.96	-1.08	0.14	-67.77	22.49	-520.59	140347,00	50,78
59,384491	10,469064			99,83	87,00	13,00	22,00	-18.50	21.77	21.63	-0.94	-1.19	0.11	-66.87	19.49	-526.89	140579,00	51,01
59,384499	10,469065			99,83	87,00	13,00	22,00	26969,00	44145,00	-56.66	-0.96	-1.09	0.12	-68.52	18.74	-527.34	140815,00	51,25
59,384507	10,469066			99,84	87,00	13,00	22,00	32752,00	-16.00	0.31	-0.96	-1.10	0.12	-67.02	17.54	-524.94	141048,00	51,48
59,384515	10,469067			99,85	87,00	13,00	22,00	15.39	-29.22	27.22	-0.95	-1.13	0.13	-67.02	43937,00	-522.24	141280,00	51,71
59,384523	10,469068			99,86	87,00	13,00	23,00	-9.48	-14.09	-42.89	-0.94	-1.10	0.13	-66.42	13.94	-522.84	141534,00	51,97
59,384531	10,469069			99,87	87,00	13,00	23,00	-17.53	13210,00	29342,00	-0.94	-1.03	0.14	-67.32	16.34	-525.84	141766,00	52,20
59,384539	10,469070			99,87	87,00	13,00	23,00	-7.48	23529,00	29677,00	-0.95	-1.15	0.12	-68.82	43940,00	-529.13	141998,00	52,43
59,384547	10,469071			99,88	87,00	13,00	22,00	-33.33	0.60	-30.64	-0.98	-0.98	0.12	-69.72	21.44	-531.23	142230,00	52,66
59,384555	10,469072			99,87	87,00	13,00	23,00	49.69	-10.12	-41.36	-0.99	-1.03	0.11	-71.07	20.99	-531.68	142462,00	52,89
59,384563	10,469073			99,89	87,00	13,00	23,00	29.18	-20.15	-82.75	-0.95	-1.23	0.07	-67.92	17.54	-528.23	142694,00	53,13
59,384571	10,469074			99,89	87,00	13,00	23,00	41.31	-8.82	-11.57	-0.95	-1.12	0.12	-64.62	13.64	-521.34	142926,00	53,36
59,384579	10,469075			99,90	87,00	13,00	24,00	34.60	22037,00	22767,00	-0.93	-1.11	0.14	-64.62	16407,00	-516.84	143158,00	53,59
59,384587	10,469076			99,90	87,00	13,00	24,00	-25.56	19.34	30286,00	-0.94	-1.05	0.15	-65.82	14.84	-518.04	143390,00	53,82
59,384595	10,469077			99,90	87,00	13,00	23,00	-30.53	21125,00	32.17	-0.95	-1.14	0.12	-68.52	18.44	-528.53	143644,00	54,08
59,384603	10,469078			99,91	87,00	13,00	23,00	19.40	-26.79	-15.89	-0.96	-1.08	0.11	-71.07	21.59	-534.08	143876,00	54,31
59,384611	10,469079			99,91	87,00	13,00	22,00	49.62	-29.82	-7.69	-0.97	-0.99	0.12	-71.07	44100,00	-527.49	144108,00	54,54
59,384619	10,469080			99,91	87,00	13,00	22,00	14.00	-39.76	-18.69	-0.96	-0.89	0.15	-68.07	23.39	-520.29	144340,00	54,77
59,384627	10,469081			99,92	87,00	13,00	23,00	-4.43	-42.96	-41.89	-0.95	-1.02	0.16	-65.97	17.69	-517.59	144572,00	55,00
59,384635	10,469082			99,93	87,00	13,00	25,00	-16.32	-3.37	-35.51	-0.95	-1.11	0.13	-65.67	13.49	-525.39	144804,00	55,24
59,384643	10,469083			99,93	87,00	13,00	25,00	52.58	35.94	22.90	-0.95	-1.04	0.13	-67.62	14.84	-524.94	145036,00	55,47
59,384651	10,469084			99,93	87,00	13,00	24,00	33.56	15.63	22.18	-0.94	-1.05	0.11	-67.02	18.44	-521.34	145268,00	55,70
59,384659	10,469085			99,94	87,00	13,00	22,00	58.44	-5.02	31.36	-0.95	-1.01	0.15	-65.22	22.34	-511.74	145500,00	55,93
59,384667	10,469086			99,95	88,00	13,00	22,00	-8.35	-40.20	-48.38	-0.96	-0.95	0.15	-65.22	20.54	-507.84	145754,00	56,19
59,384675	10,469087			99,96	88,00	13,00	24,00	-80.49	-12.63	-3.92	-0.92	-1.13	0.14	-64.62	14.54	-514.74	145986,00	56,42
59,384683	10,469088			99,96	88,00	13,00	25,00	-49.22	41.21	38.20	-0.91	-1.20	0.12	-65.97	12.00	-526.59	146218,00	56,65
59,384691	10,469089			99,97	88,00	13,00	25,00	44059,00	49.68	104.98	-0.93	-1.18	0.11	-66.72	43937,00	-528.83	146450,00	56,88
59,384699	10,469090			99,97	88,00	13,00	23,00	31.19	-1.39	32.98	-0.95	-1.13	0.10	-69.12	23.84	-526.14	146682,00	57,11
59,384707	10,469091			99,98	88,00	13,00	21,00	-12.81	-39.50	-18.41	-0.96	-0.97	0.14	-71.07	44103,00	-522.69	146914,00	57,35
59,384715	10,469092			99,98	88,00	13,00	22,00	-35.60	-45.30	-69.97	-0.95	-0.99	0.15	-70.32	27.14	-519.84	147146,00	57,58
59,384723	10,469093			99,99	88,00	13,00	23,00	-39.45	-14.09	-66.02	-0.94	-1.09	0.13	-68.22	25.94	-522.84	147378,00	57,81
59,384731	10,469094			99,99	88,00	13,00	24,00	24959,00	27.98	-11.76	-0.94	-1.07	0.12	-68.22	43943,00	-523.74	147610,00	58,04
59,384739	10,469095			100,00	86,00	13,00	24,00	37.82	35.77	20821,00	-0.95	-1.03	0.12	-66.42	23.84	-521.64	147865,00	58,30
59,384747	10,469096			100,00	86,00	13,00	23,00	21398,00	16041,00	16193,00	-0.96	-0.99	0.14	-67.02	21.74	-520.44	148097,00	58,53
59,384755	10,469097			100,00	86,00	13,00	22,00	-20.34	-36.92	-21.56	-0.95	-1.02	0.14	-67.32	21.14	-518.34	148329,00	58,76
59,384763	10,469098			100,00	86,00	13,00	24,00	-2.52	-41.76	-24.53	-0.95	-1.04	0.14	-67.62	20.54	-517.14	148561,00	58,99
59,384771	10,469099			100,02	86,00	13,00	24,00	-12.73	-41.57	17.31	-0.95	-1.05	0.13	-66.87	44097,00	-518.19	148793,00	59,23
59,384779	10,469100			100,02	86,00	13,00	23,00	20.37	0.69	27.13	-0.95	-1.06	0.14	-68.82	27.14	-516.54	149025,00	59,46
59,384787	10,469101			100,02	86,00	13,00	23,00	-11.16	13.91	29342,00	-0.96	-1.01	0.14	-68.67	25.79	-516.99	149257,00	59,69
59,384795	10,469102			100,03	86,00	13,00	23,00	-16.38	19725,00	-25.51	-0.95	-1.06	0.13	-67.32	23.24	-518.34	149489,00	59,92
59,384803	10,469103			100,04	86,00	13,00	24,00	-7.92	-22.14	43988,00	-0.94	-1.09	0.13	-65.37	19.79	-519.99	149721,00	60,15
59,384811	10,469104			100,04	87,00	13,00	24,00	-5.13	-22.05	43988,00	-0.94	-1.07	0.13	-66.27	21.59	-516.99	149975,00	60,41
59,384819	10,469105			100,05	87,00	13,00	24,00	13.45	-9.86	23.89	-0.94	-1.03	0.14	-66.27	25.19	-513.39	150207,00	60,64
59,384827	10,469106			100,05	87,00	13,00	24,00	-2.43	-14.53	-25.88	-0.95	-1.04	0.14	-67.02	43946,00	-511.44	150439,00	60,87
59,384835	10,469107			100,05	87,00	13,00	24,00	24320,00	-22.21	-2.31	-0.96	-0.98	0.14	-64.62	21.74	-512.64	150671,00	61,10
59,384843	10,469108			100,06	87,00	13,00	25,00	-18.41	-32.93	23.98	-0.95	-1.01	0.13	-64.02	17.54	-513.24	150903,00	61,34
59,384851	10,469109			100,06	87,00	13,00	25,00	-25.74	-2.26	16.32	-0.94	-1.03	0.13	-64.17	44091,00	-513.09	151135,00	61,57
59,384859	10,469110			100,07	87,00	13,00	25,00	-17.08	30.58	16.60	-0.94	-1.01	0.14	-65.67	21.59	-512.49	151367,00	61,80
59,384867	10,469111			100,07	87,00	13,00	24,00	-22.93	41.73	31594,00	-0.96	-0.98	0.14	-67.62	26.84	-512.94	151599,00	62,03
59,384875	10,469112			100,09	87,00	13,00	23,00	0.11	44197,00	-13.47	-0.96	-1.02	0.12	-67.77	44100,00	-516.09	151831,00	62,26
59,384883	10,469113			100,09	88,00	13,00	24,00	18749,00	-43.56	-16.98	-0.95	-1.05	0.12	-65.52	20.84	-511.44	152086,00	62,52
59,384891	10,469114			100,10	88,00	13,00	25,00	42.70	-42.35	-19.04	-0.93	-1.12	0.14	-65.52	17.24	-505.74	152318,00	62,75
59,384899	10,469115			100,10	88,00	13,00	26,00	-15.44	-6.84	25.51	-0.94	-1.06	0.15	-66.12	18.44	-503.64	152550,00	62,98
59,384907	10,469116			100,11	88,00	13,00	24,00	-5.13	24.61	31.18	-0.96	-1.00	0.16	-67.17	22.79	-504.99	152782,00	63,21
59,384915	10,469117			100,12	88,00	13,00	24,00	-28.44	43910,00	19.21	-0.96	-1.04	0.13	-67.02	23.24	-512.64	153014,00	63,45
59,384923	10,469118			100,12	88,00	13,00	24,00	32964,00	-22.31	-54.14	-0.95	-1.04	0.12	-64.92	19.64	-512.64	153246,00	63,68
59,384931	10,469119			100,12	88,00	13,00	25,00	19.15	-49.18	43863,00	-0.94	-1.06	0.12	-66.12	15.44	-511.14	153478,00	63,91
59,384939	10,469120			100,13	88,00	13,00	25,00	32540,00	-43.04	-14.44	-0.94	-1.01	0.13	-65.67	14.69	-504.69	153710,00	64,14
59,384947	10,469121			100,14	88,00	13,00	25,00	25.51	-10.81	16193,00	-0.94	-0.99	0.15	-67.02	15.44	-501.85	153942,00	64,37
59,384955	10,469122			100,14	89,00	13,00	24,00	-83.28	-3.11	-28.49	-0.95	-0.99	0.14	-65.52	18.44	-502.45	154196,00	64,63
59,384963	10,469123			100,15	89,00	13,00	24,00	-3.11	-13.50	34912,00	-0.95	-1.06	0.13	-65.22	18.74	-506.94	154428,00	64,86
59,384971	10,469124			100,16	89,00	13,00	24,00	-9.69	-20.32	-17.33	-0.96	-1.13	0.11	-65.07	17.39	-508.89	154660,00	65,09
59,384979	10,469125			100,16	89,00	13,00	24,00	48.12	-0.61	25.60	-0.94	-1.12	0.13	-65.37	16.79	-505.89	154892,00	65,32
59,384987	10,469126			100,17	89,00	13,00	24,00	25.34	-1.91	15.69	-0.94	-1.02	0.13	-65.97	32843,00	-503.79	155124,00	65,56
59,384995	10,469127			100,18	89,00	13,00	25,00	-7.94	21732,00	-34.89	-0.93	-1.04	0.13	-64.17	14916,00	-501.10	155356,00	65,79
59,385003	10,469128			100,18	89,00	13,00	25,00	-44.00	-4.67	-25.60	-0.94	-1.03	0.12	-65.82	20394,00	-503.05	155588,00	66,02
59,385011	10,469129			100,18	89,00	13,00	25,00	-12.72	-0.35	25.24	-0.95	-1.02	0.14	-65.82	15.74	-503.94	155824,00	66,26
59,385019	10,469130			100,19	89,00	13,00	24,00	21.40	-0.87	26724,00	-0.96	-1.01	0.13	-65.97	44091,00	-504.09	156056,00	66,49
59,385027	10,469131			100,20	88,00	13,00	23,00	-37.47	-6.41	-4.73	-0.96	-1.02	0.13	-64.47	17.39	-505.59	156310,00	66,74
59,385035	10,469132			100,21	88,00	13,00	24,00	27607,00	-22.73	43191,00	-0.95	-1.03	0.13	-63.87	32843,00	-505.29	156542,00	66,97
59,385043	10,469133			100,22	88,00	13,00	25,00	-7.68	-13.50	-32.27	-0.94	-1.02	0.13	-63.72	43961,00	-504.84	156774,00	67,21
59,385051	10,469134			100,22	88,00	13,00	25,00	-24.69	43221,00	56.02	-0.94	-1.03	0.14	-65.37	29495,00	-503.20	157006,00	67,44
59,385059	10,469135			100,23	88,00	13,00	25,00	-37.45	19633,00	-15.44	-0.95	-0.99	0.14	-65.22	13.34	-499.45	157238,00	67,67
59,385067	10,469136			100,23	88,00	13,00	24,00	-14.12	-1.31	-30.73	-0.97	-0.97	0.15	-66.57	14.39	-500.50	157470,00	67,90
59,385075	10,469137			100,24	88,00	13,00	24,00	-26.35	-23.60	-71.05	-0.95	-1.09	0.12	-65.67	12.00	-501.40	157701,00	68,13
59,385083	10,469138			100,25	88,00	13,00	25,00	31382,00	-38.46	-5.54	-0.94	-1.09	0.12	-66.57	44109,00	-502.60	157934,00	68,37
59,385091	10,469139			100,26	88,00	13,00	26,00	30.84	-18.67	66.09	-0.94	-1.15	0.11	-65.82	45778,00	-502.45	158166,00	68,60
59,385099	10,469140			100,27	88,00	13,00	24,00	34820,00	23529,00	25.60	-0.96	-1.02	0.13	-66.72	45962,00	-502.45	158419,00	68,85
59,385107	10,469141			100,27	88,00	13,00	23,00	-23.63	54.95	-26.69	-0.96	-1.02	0.15	-64.77	14.69	-503.50	158651,00	69,08
59,385115	10,469142			100,27	88,00	13,00	23,00	18.87	32.75	-20.31	-0.95	-1.13	0.11	-65.37	13.19	-507.99	158883,00	69,32
59,385123	10,469143			100,28	88,00	13,00	24,00	19.92	19480,00	-50.72	-0.95	-1.08	0.12	-64.47	25873,00	-506.19	159115,00	69,55
59,385131	10,469144			100,29	88,00	13,00	25,00	29.60	-12.02	21.91	-0.95	-1.07	0.12	-66.87	25873,00	-500.50	159347,00	69,78
59,385139	10,469145			100,30	88,00	13,00	24,00	-10.37	-22.73	14.98	-0.95	-0.99	0.14	-66.27	44088,00	-496.90	159579,00	70,01
59,385147	10,469146			100,30	88,00	13,00	24,00	-16.93	-3.11	63.22	-0.94	-1.01	0.14	-66.87	13.79	-498.10	159812,00	70,24
59,385155	10,469147			100,31	88,00	13,00	24,00	-48.09	15.45	-24.79	-0.95	-1.11	0.13	-64.77	13.79	-504.69	160043,00	70,48
59,385163	10,469148			100,31	88,00	13,00	25,00	-35.53	-0.02	-5.18	-0.94	-1.06	0.12	-65.97	25873,00	-509.49	160275,00	70,71
59,385171	10,469149			100,32	88,00	13,00	24,00	15.82	-34.14	43.05	-0.95	-1.06	0.13	-64.17	13.79	-505.89	160529,00	70,96
59,385179	10,469150			100,33	88,00	13,00	24,00	23.57	-31.98	44.14	-0.95	-0.99	0.14	-64.92	16407,00	-501.55	160761,00	71,19
59,385187	10,469151			100,33	88,00	13,00	24,00	-1.13	-18.50	-11.21	-0.94	-0.98	0.15	-65.37	9.00	-499.60	160993,00	71,43
59,385195	10,469152			100,34	88,00	13,00	25,00	40.76	43833,00	26.14	-0.94	-1.01	0.14	-65.37	6.00	-502.30	161225,00	71,66
59,385203	10,469153			100,34	88,00	13,00	24,00	13.28	21.42	86.61	-0.94	-1.06	0.12	-65.52	13058,00	-503.94	161457,00	71,89
59,385211	10,469154			100,35	88,00	13,00	23,00	-18.87	46753,00	25.51	-0.95	-1.06	0.13	-65.07	14.39	-503.20	161689,00	72,12
59,385219	10,469155			100,35	88,00	13,00	22,00	-28.46	-17.30	-69.97	-0.96	-0.97	0.14	-64.32	43937,00	-504.54	161921,00	72,35
59,385227	10,469156			100,37	88,00	13,00	22,00	-15.19	-11.42	-27.95	-0.95	-1.05	0.13	-65.52	42339,00	-506.04	162153,00	72,59
59,385235	10,469157			100,37	88,00	13,00	23,00	-33.16	-10.12	-54.76	-0.94	-1.09	0.12	-65.52	23924,00	-509.04	162385,00	72,82
59,385243	10,469158			100,37	87,00	13,00	24,00	15.80	28307,00	39.91	-0.94	-1.10	0.12	-66.12	27546,00	-504.54	162639,00	73,07
59,385251	10,469159			100,39	87,00	13,00	23,00	43191,00	29.97	16.87	-0.95	-1.05	0.14	-67.92	14.24	-500.05	162871,00	73,30
59,385259	10,469160			100,39	87,00	13,00	22,00	31717,00	40.09	44107,00	-0.96	-1.02	0.14	-66.57	14.99	-499.30	163103,00	73,54
59,385267	10,469161			100,40	87,00	13,00	22,00	-13.98	19419,00	-117.59	-0.95	-1.08	0.12	-66.27	13.79	-500.80	163335,00	73,77
59,385275	10,469162			100,41	87,00	13,00	24,00	33817,00	-33.19	-44.60	-0.95	-1.12	0.11	-65.67	44013,00	-501.10	163567,00	74,00
59,385283	10,469163			100,41	87,00	13,00	25,00	25600,00	-35.01	-10.21	-0.93	-1.06	0.14	-66.72	43955,00	-499.75	163799,00	74,23
59,385291	10,469164			100,41	87,00	13,00	24,00	-31.53	-1.31	-12.82	-0.94	-1.01	0.14	-65.37	44105,00	-499.90	164031,00	74,46
59,385299	10,469165			100,42	87,00	13,00	22,00	-15.53	15.19	104.70	-0.95	-0.95	0.15	-65.82	14.84	-497.95	164263,00	74,70
59,385307	10,469166			100,43	87,00	13,00	21,00	-23.48	35034,00	-28.49	-0.96	-1.01	0.14	-67.17	15.59	-501.70	164495,00	74,93
59,385315	10,469167			100,44	88,00	13,00	22,00	-13.71	-25.59	-30.92	-0.96	-1.08	0.12	-65.37	32843,00	-503.79	164749,00	75,18
59,385323	10,469168			100,44	88,00	13,00	22,00	37.48	-47.45	-43.34	-0.94	-1.03	0.14	-65.37	25781,00	-503.50	164981,00	75,41
59,385331	10,469169			100,46	88,00	13,00	22,00	23468,00	-7.44	46478,00	-0.95	-1.02	0.14	-65.52	43958,00	-503.35	165213,00	75,65
59,385339	10,469170			100,47	88,00	13,00	22,00	-1.21	30713,00	-21.47	-0.94	-1.00	0.15	-66.27	29403,00	-502.60	165445,00	75,88
59,385347	10,469171			100,47	88,00	13,00	21,00	-16.85	13.73	-70.34	-0.95	-1.05	0.13	-66.12	20302,00	-504.24	165677,00	76,11
59,385355	10,469172			100,48	88,00	13,00	21,00	-7.69	47270,00	-49.91	-0.95	-1.08	0.12	-63.87	33117,00	-508.29	165909,00	76,34
59,385363	10,469173			100,48	88,00	13,00	20,00	-10.73	-13.92	43881,00	-0.95	-1.06	0.13	-65.07	32843,00	-507.39	166141,00	76,57
59,385371	10,469174			100,49	88,00	13,00	19,00	14671,00	-16.69	-29.48	-0.95	-1.03	0.13	-64.92	45962,00	-508.74	166373,00	76,81
59,385379	10,469175			100,49	88,00	13,00	19,00	-5.16	-14.79	-50.09	-0.96	-1.04	0.13	-63.57	14824,00	-508.29	166605,00	77,04
59,385387	10,469176			100,50	87,00	13,00	21,00	41.76	-17.98	-18.95	-0.95	-1.07	0.13	-64.92	12875,00	-507.54	166859,00	77,29
59,385395	10,469177			100,51	87,00	13,00	21,00	44057,00	-8.40	-35.51	-0.94	-1.01	0.13	-65.22	20121,00	-504.54	167091,00	77,52
59,385403	10,469178			100,51	87,00	13,00	20,00	24.00	-1.13	48.72	-0.95	-1.01	0.14	-65.82	42064,00	-507.24	167323,00	77,76
59,385411	10,469179			100,53	87,00	13,00	19,00	15.56	-2.17	-11.85	-0.95	-0.99	0.13	-63.42	16589,00	-506.34	167555,00	77,99
59,385419	10,469180			100,53	87,00	13,00	19,00	-34.55	-26.98	-10.49	-0.95	-1.03	0.13	-66.42	12875,00	-508.14	167788,00	78,22
59,385427	10,469181			100,54	87,00	13,00	19,00	25447,00	-36.40	-19.31	-0.94	-1.06	0.13	-65.67	14642,00	-508.89	168019,00	78,45
59,385435	10,469182			100,54	87,00	13,00	18,00	-6.03	-13.83	100.29	-0.94	-1.02	0.14	-65.07	0.00	-508.29	168251,00	78,68
59,385443	10,469183			100,55	87,00	13,00	18,00	15.73	11628,00	-7.07	-0.94	-1.00	0.14	-66.57	32933,00	-507.09	168483,00	78,92
59,385451	10,469184			100,56	87,00	13,00	17,00	-3.98	28976,00	-0.05	-0.96	-0.98	0.13	-64.77	3.00	-506.79	168715,00	79,15
59,385459	10,469185			100,57	89,00	13,00	17,00	14032,00	-30.85	-12.82	-0.95	-1.03	0.13	-65.37	0.90	-505.29	168969,00	79,40
59,385467	10,469186			100,57	89,00	13,00	17,00	47270,00	-32.76	45139,00	-0.94	-1.06	0.13	-67.17	-1.80	-506.49	169201,00	79,63
59,385475	10,469187			100,59	89,00	13,00	17,00	-0.61	-23.77	-9.15	-0.94	-1.05	0.13	-67.32	-4.35	-507.54	169433,00	79,87
59,385483	10,469188			100,59	89,00	13,00	16,00	19.82	43833,00	14855,00	-0.95	-1.01	0.15	-65.67	-2.40	-508.59	169665,00	80,10
59,385491	10,469189			100,60	89,00	13,00	16,00	0.27	13.30	14154,00	-0.95	-1.03	0.13	-66.87	0.90	-512.19	169897,00	80,33
59,385499	10,469190			100,61	89,00	13,00	16,00	-4.61	-7.18	-13.01	-0.95	-1.06	0.12	-65.97	11018,00	-516.69	170129,00	80,56
59,385507	10,469191			100,62	89,00	13,00	15,00	-12.38	-4.93	21064,00	-0.95	-1.03	0.13	-64.77	11018,00	-515.19	170361,00	80,79
59,385515	10,469192			100,62	89,00	13,00	15,00	48.63	-3.63	30.73	-0.95	-1.04	0.14	-65.07	29312,00	-513.39	170594,00	81,03
59,385523	10,469193			100,63	89,00	13,00	14,00	43983,00	-4.93	30317,00	-0.95	-1.05	0.13	-66.72	16497,00	-512.34	170829,00	81,26
59,385531	10,469194			100,64	89,00	13,00	15,00	20.24	-2.78	-13.01	-0.95	-1.06	0.12	-66.27	0.00	-512.79	171085,00	81,52
59,385539	10,469195			100,65	89,00	13,00	15,00	-12.05	-13.40	-16.24	-0.95	-1.06	0.12	-67.77	-1.20	-513.99	171317,00	81,75
59,385547	10,469196			100,66	89,00	13,00	15,00	35827,00	-14.61	44107,00	-0.94	-1.09	0.12	-67.02	-1.05	-512.94	171549,00	81,98
59,385555	10,469197			100,67	89,00	13,00	15,00	14246,00	-15.48	-2.84	-0.95	-1.02	0.13	-66.27	0.30	-511.59	171781,00	82,21
59,385563	10,469198			100,67	89,00	13,00	14,00	13.36	-11.16	-17.69	-0.96	-1.02	0.14	-67.17	-0.30	-512.19	172013,00	82,45
59,385571	10,469199			100,68	89,00	13,00	14,00	-250.14	250.13	250.13	-0.44	44136,00	0.24	-69.27	47.08	-503.79	172245,00	82,68
59,385579	10,469200			100,69	89,00	13,00	7,00	-250.14	203.59	250.13	-0.97	0.33	0.18	-95.36	-22.79	-480.40	172477,00	82,91
59,385587	10,469201			100,69	89,00	13,00	6,00	-6.61	-223.65	33.97	-0.37	0.76	24473,00	-96.41	-16.04	-466.76	172709,00	83,14
59,385595	10,469202			100,69	89,00	13,00	16,00	0.17	-27.50	12875,00	-0.34	-0.30	0.92	-96.86	-21.89	-480.40	172941,00	83,37
59,385603	10,469203			100,69	89,00	13,00	15,00	-2.00	-6.23	-3.21	-0.23	-0.31	0.85	-97.61	-16.04	-474.86	173196,00	83,63
59,385611	10,469204			100,69	89,00	13,00	15,00	42370,00	16.75	-40.73	-0.23	-0.31	0.85	-94.76	-22.19	-480.40	173428,00	83,86